1 7.947017
1 7.945998
1 7.939295
1 7.904820
1 7.906897
1 7.906875
1 7.908694
1 7.903720
1 7.941692
1 7.948094
2 3.995218
2 3.998916
2 3.995413
2 4.013444
2 3.996240
2 4.002682
2 3.994224
2 4.002987
2 3.996054
2 3.995923
4 2.375309
4 2.377874
4 2.380543
4 2.360600
4 2.371165
4 2.387519
4 2.371102
4 2.376906
4 2.255551
4 2.369869
8 3.472148
8 3.812258
8 3.323387
8 4.980239
8 3.837773
8 4.703216
8 1.894405
8 1.751871
8 5.599208
8 2.996603
16 1.876574
16 1.233677
16 3.145836
16 4.027270
16 1.333882
16 1.249893
16 1.524926
16 2.589788
16 2.085703
16 1.416610

