1 7.936096
1 7.900644
1 7.901583
1 7.902404
1 7.902162
1 7.899318
1 7.898373
1 7.899484
1 7.902672
1 7.901444
2 3.996901
2 4.002402
2 3.994048
2 4.013215
2 3.995045
2 4.009520
2 3.996091
2 4.010697
2 3.996652
2 4.005874
4 2.382551
4 2.369357
4 2.364933
4 2.367562
4 2.213263
4 2.365479
4 2.374729
4 2.138524
4 2.364345
4 2.382728
6 3.789455
6 2.098850
6 1.939236
6 4.300534
6 1.724957
6 3.004233
6 4.914591
6 2.128364
6 3.289366
6 2.086396
10 2.682782
10 1.954587
10 1.183409
10 4.187038
10 1.164459
10 3.327257
10 1.147237
10 2.214273
10 3.444926
10 1.178506
12 2.098258
12 2.882153
12 1.549292
12 1.130215
12 1.134388
12 3.086311
12 1.685750
12 1.414074
12 2.331162
12 1.340692
14 2.304627
14 2.429865
14 2.171084
14 6.005841
14 1.784157
14 2.558575
14 1.099760
14 1.098213
14 1.758977
14 2.045821
16 5.063015
16 3.930610
16 4.409763
16 2.759423
16 2.474840
16 1.436202
16 1.309738
16 1.358450
16 1.508238
16 3.693016
20 2.389494
20 1.191083
20 2.238150
20 1.519347
20 1.914804
20 4.268163
20 1.720856
20 0.963081
20 1.952303
20 1.267276
18 1.647820
18 1.503972
18 1.623162
18 2.578801
18 2.866822
18 1.386115
18 3.009587
18 2.825860
18 1.393487
18 1.549279
8 3.775121
8 2.820677
8 3.043611
8 1.861673
8 2.394522
8 3.145139
8 1.742848
8 2.787509
8 4.303196
8 4.216240
