1 21.256105
1 21.341738
1 21.256105
1 21.341738
1 21.256105
1 21.341738
1 21.256105
1 21.341738
1 21.256105
1 21.341738
2 10.772433
2 10.735787
2 10.790925
2 10.798557
2 10.733965
2 10.749065
2 10.729158
2 10.728219
2 10.777087
2 10.777
3 8.022827
3 7.347476
3 7.351769
3 7.395119
3 7.348041
3 7.885967
3 7.363994
3 7.349837
3 7.347630
3 8.632360
4 6.470107
4 6.472977
4 5.799372
4 6.135278
4 5.601830
4 5.604345
4 5.578300
4 6.460088
4 6.475149
4 6.419229
5 5.299917
5 5.564150
5 5.440318
5 5.554969
5 5.402494
5 5.411732
5 5.360646
5 5.506673
5 5.281039
5 5.343559
6 4.516215
6 16.018473
6 6.601845
6 8.135797
6 15.911491
6 4.539851
6 10.874766
6 11.924617
6 10.534475
6 4.545952
7 6.242661
7 4.874728
7 6.817192
7 4.619531
7 9.351776
7 4.499224
7 7.160051
7 3.870552
7 4.764470
7 9.365815
8 5.476194
8 4.446928
8 4.667537
8 4.309694
8 8.578881
8 4.774583
8 4.145018
8 8.587827
8 5.267817
8 4.665424
9 4.112444
9 3.225561
9 3.670487
9 3.563652
9 3.128541
9 3.296892
9 5.801585
9 4.005808
9 3.128963
9 4.386464
10 2.870718
10 7.432213
10 11.956503
10 4.213581
10 8.798175
10 3.529904
10 2.982853
10 2.844721
10 7.453283
10 3.153967
11 7.169864
11 3.311658
11 6.500352
11 6.804323
11 3.136846
11 4.507069
11 2.601094
11 5.429544
11 2.604796
11 3.549730
12 4.102633
12 2.933130
12 5.016523
12 4.547531
12 2.926718
12 2.962693
12 3.536030
12 9.413919
12 5.632809
12 7.129879
13 4.081678
13 4.015297
13 2.628965
13 2.865437
13 6.965893
13 4.441850
13 2.652620
13 7.115076
13 2.606690
13 2.669125
14 9.458850
14 5.785464
14 4.222982
14 16.441608
14 2.833278
14 5.483697
14 3.674718
14 4.231740
14 3.660023
14 2.526659
15 3.189942
15 4.086049
15 5.366518
15 16.173027
15 3.998652
15 4.043402
15 3.269687
15 2.728426
15 4.187852
15 6.460785
16 4.315457
16 6.279019
16 7.960926
16 3.908300
16 8.204021
16 3.242509
16 7.875998
16 6.780541
16 4.240814
16 5.589548
17 3.558243
17 3.121085
17 3.833205
17 3.990923
17 4.959751
17 4.487215
17 4.161174
17 3.167548
17 3.871193
17 4.229147
18 4.297777
18 2.099980
18 5.551664
18 2.408626
18 2.785113
18 1.925721
18 3.801443
18 2.646718
18 2.345484
18 5.138520
19 6.574801
19 2.699082
19 2.836619
19 2.640402
19 3.750257
19 8.874320
19 2.695400
19 3.993252
19 2.700755
19 4.522874
20 3.991203
20 1.638956
20 5.072229
20 2.066825
20 1.987171
20 4.253634
20 6.800771
20 5.601274
20 5.429923
20 2.169014
21 4.287465
21 2.973709
21 5.758229
21 2.875456
21 3.601097
21 5.892293
21 2.803418
21 2.746701
21 2.791454
21 6.583036
22 1.752139
22 6.499018
22 1.775683
22 4.629024
22 8.634732
22 3.510185
22 4.812247
22 6.590008
22 1.950514
22 2.329205
23 3.158536
23 4.362016
23 7.416796
23 3.220092
23 4.961756
23 4.236717
23 4.260808
23 4.342408
23 7.980055
23 4.860368
24 2.980957
24 3.031998
24 2.975680
24 6.085189
24 6.048243
24 4.866205
24 3.007881
24 3.697176
24 2.981754
24 2.949352
25 1.649088
25 1.693486
25 1.948730
25 1.882084
25 3.857602
25 1.623665
25 1.685656
25 1.654442
25 2.078677
25 1.640290
26 7.393278
26 3.377018
26 3.334894
26 3.268076
26 3.403324
26 3.343835
26 3.391490
26 3.317101
26 3.386139
26 4.371663
27 2.610620
27 3.342084
27 7.042420
27 5.017092
27 2.683642
27 2.795020
27 2.600202
27 2.776301
27 2.661901
27 2.618835
28 3.404151
28 5.549170
28 11.188273
28 1.883661
28 3.406467
28 4.008668
28 2.268026
28 11.555101
28 4.139053
28 4.980994
