1 7.921563
1 7.927408
1 7.887470
1 7.923428
1 7.921835
1 7.921684
1 7.888137
1 7.885128
1 7.885549
1 7.885563
2 4.032616
2 4.011679
2 4.026218
2 4.008794
2 4.014441
2 4.030838
2 4.028734
2 4.007839
2 4.014382
2 4.007562
3 3.203966
3 2.747780
3 2.744950
3 3.201370
3 2.731085
3 2.737778
3 2.731321
3 3.202240
3 2.733477
3 2.736556
4 2.085990
4 2.424913
4 2.081197
4 2.245448
4 2.426682
4 2.427302
4 2.438575
4 2.430751
4 2.421859
4 2.430134
5 2.189788
5 2.544172
5 3.406288
5 2.630500
5 3.653401
5 3.356681
5 3.198303
5 3.108479
5 2.947887
5 2.176335
6 7.700814
6 2.016720
6 2.082341
6 2.002794
6 2.007802
6 3.159136
6 7.024104
6 6.271807
6 4.736475
6 2.012528
7 2.289145
7 2.367537
7 2.365130
7 2.342958
7 2.504299
7 2.316012
7 8.206234
7 2.632603
7 1.961588
7 14.038280
8 1.662214
8 6.026141
8 17.807343
8 1.674945
8 4.970060
8 1.676921
8 5.363599
8 2.454137
8 7.561862
8 5.505929
9 2.434643
9 17.272812
9 1.824656
9 6.036850
9 1.851211
9 13.831769
9 4.046241
9 8.477113
9 3.257280
9 11.382216
10 1.583634
10 1.753649
10 1.612095
10 4.334170
10 11.311884
10 3.596672
10 5.532146
10 15.513380
10 11.905159
10 2.232441
11 12.072980
11 14.302146
11 1.941499
11 12.958719
11 2.289874
11 2.035547
11 14.140366
11 13.779136
11 3.770454
11 4.145642
12 1.573816
12 8.284559
12 3.623056
12 15.371696
12 4.026644
12 1.749146
12 3.735391
12 3.852868
12 5.952620
12 1.576623
13 9.626663
13 5.783809
13 2.916860
13 3.425744
13 3.728010
13 2.367445
13 2.608411
13 7.775607
13 4.407795
13 3.259390
14 2.553223
14 13.019734
14 11.292439
14 21.167578
14 3.660957
14 7.934830
14 8.498002
14 9.889244
14 7.778837
14 1.935666
15 12.323910
15 5.685504
15 1.481905
15 12.004177
15 1.452152
15 1.476654
15 2.828041
15 14.465071
15 1.482206
15 14.791017
16 1.528342
16 21.959611
16 17.530392
16 21.785722
16 11.606882
16 3.571053
16 16.113048
16 2.456465
16 1.555797
16 1.209888
17 3.126965
17 4.677791
17 13.310631
17 4.610284
17 16.270490
17 11.598639
17 2.923771
17 9.955302
17 12.285079
17 2.954144
18 11.162632
18 1.602822
18 2.681680
18 4.635122
18 1.744689
18 3.772300
18 12.208619
18 1.751506
18 12.208619
18 1.751506
19 1.200101
19 2.069270
19 2.008405
19 1.703111
19 1.830894
19 4.681246
19 2.415343
19 1.158168
19 1.144145
19 2.686125
20 1.408175
20 0.855345
20 0.817237
20 17.574819
20 0.820653
20 0.802730
20 10.273357
20 1.989762
20 3.559641
20 12.673757
21 1.272019
21 1.933234
21 12.553905
21 20.603205
21 2.085962
21 2.325197
21 12.620128
21 1.840358
21 2.764318
21 1.251990
22 9.768689
22 6.941034
22 8.449490
22 18.192273
22 0.790802
22 21.103082
22 0.918956
22 0.737439
22 0.793337
22 1.963367
23 0.972989
23 1.196456
23 6.874167
23 5.751630
23 1.794640
23 1.014345
23 1.330006
23 0.929803
23 4.326436
23 4.588932
24 0.815729
24 19.578198
24 0.792607
24 0.919133
24 0.781633
24 1.108007
24 0.771778
24 0.764886
24 23.207079
24 3.855689
25 2.117655
25 3.326710
25 2.413397
25 1.439722
25 1.494122
25 1.415780
25 3.003641
25 2.739466
25 1.465903
25 1.513344
26 3.672977
26 0.767650
26 0.736884
26 0.786739
26 0.735179
26 15.251692
26 0.731135
26 0.751620
26 3.041274
26 3.736518
27 1.180049
27 1.075745
27 3.089091
27 1.136279
27 1.174867
27 1.076076
27 1.087544
27 1.192484
27 9.676984
27 1.145184
28 0.685730
28 0.708889
28 11.825114
28 0.689825
28 0.756622
28 0.740634
28 0.687299
28 0.691486
28 2.735256
28 0.718497
