1 7.918251
1 7.883944
1 7.884670
1 7.889604
1 7.877602
1 7.882695
1 7.876973
1 7.882349
1 7.887032
1 7.914782
2 4.000064
2 4.016920
2 4.001038
2 4.006307
2 4.026157
2 4.018694
2 4.001627
2 4.000884
2 4.000028
2 4.008525
3 2.829427
3 2.732095
3 3.231509
3 2.726965
3 2.729365
3 2.720735
3 2.716115
3 2.726764
3 2.768831
3 2.714415
4 2.392608
4 2.473768
4 2.455991
4 2.493031
4 2.093861
4 2.464964
4 2.463979
4 2.480818
4 2.482813
4 2.475692
5 3.141748
5 2.101533
5 2.063629
5 2.972616
5 2.101553
5 2.165789
5 2.463632
5 2.053971
5 2.644437
5 3.368601
6 1.829268
6 5.435124
6 1.804769
6 1.846047
6 1.809955
6 2.376331
6 1.859068
6 6.373443
6 1.852345
6 1.801067
7 4.408888
7 7.807653
7 1.620143
7 1.766784
7 5.923363
7 2.081110
7 1.986277
7 1.823650
7 1.803889
7 1.773835
8 1.637137
8 10.181788
8 5.000191
8 1.796917
8 2.594211
8 6.566579
8 11.517719
8 4.735828
8 6.351297
8 1.558863
9 3.362037
9 1.262548
9 1.272777
9 1.414801
9 1.681845
9 1.265849
9 1.281153
9 1.572065
9 2.077397
9 2.858292
10 1.168302
10 6.533921
10 1.891517
10 1.167198
10 4.055791
10 1.380250
10 1.929544
10 1.855452
10 1.320490
10 1.806854
11 1.081739
11 3.267423
11 1.081739
11 3.267423
11 1.081739
11 3.267423
11 1.081739
11 3.267423
11 1.081739
11 3.267423
12 6.248078
12 5.852252
12 4.515114
12 1.042752
12 3.276219
12 9.060377
12 4.962696
12 1.008485
12 1.226968
12 1.193569
13 0.986114
13 0.961429
13 1.022549
13 2.436585
13 1.011288
13 0.991239
13 2.055188
13 1.092819
13 1.032670
13 4.497571
14 7.001233
14 2.350818
14 2.066092
14 5.827507
14 1.964267
14 2.090388
14 3.807919
14 6.536900
14 15.655213
14 2.759350
15 4.420052
15 3.080151
15 1.049433
15 11.718040
15 1.869550
15 0.985049
15 4.135549
15 2.055202
15 1.200093
15 11.876849
16 1.374216
16 1.526096
16 4.143801
16 2.056171
16 3.721570
16 5.840932
16 10.492936
16 1.654227
16 2.529781
16 1.369782
17 5.878330
17 1.526521
17 1.504649
17 4.840899
17 2.821205
17 3.947038
17 2.988820
17 2.333690
17 1.130251
17 1.159855
18 1.470033
18 1.679389
18 2.592738
18 1.747573
18 7.399770
18 5.772022
18 1.033528
18 4.966598
18 1.113666
18 4.451267
19 5.311224
19 1.263573
19 1.311468
19 1.624326
19 1.856334
19 4.614387
19 3.421651
19 1.151817
19 1.758949
19 6.019652
20 3.888952
20 4.446211
20 3.964650
20 1.016765
20 3.117820
20 2.597917
20 2.308599
20 3.675872
20 4.951725
20 4.139577
21 2.040409
21 1.116990
21 2.492069
21 1.117920
21 2.152353
21 5.918945
21 1.823161
21 2.068853
21 4.666108
21 2.423905
22 3.909655
22 2.436293
22 5.133653
22 4.798734
22 5.560717
22 1.367380
22 8.054665
22 5.278901
22 4.002066
22 1.387912
